# unix_time, cycles_done, cur_path, paths_total, pending_total, pending_favs, map_size, unique_crashes, unique_hangs, max_depth, execs_per_sec
1561751520, 0, 0, 1, 1, 1, 0.07%, 0, 0, 1, 2000.00
1561751525, 0, 0, 45, 45, 1, 0.20%, 3, 0, 2, 3048.01
1561751530, 0, 0, 49, 49, 1, 0.21%, 3, 0, 2, 3245.35
1561751535, 0, 7, 55, 52, 29, 0.23%, 3, 0, 3, 3466.33
1561751541, 0, 9, 62, 57, 36, 0.24%, 3, 2, 3, 548.97
1561751546, 0, 13, 68, 61, 39, 0.26%, 3, 3, 3, 3394.72
1561751551, 0, 17, 77, 68, 44, 0.31%, 3, 3, 3, 3206.68
1561751556, 0, 19, 80, 69, 44, 0.31%, 3, 4, 3, 3176.66
1561751562, 0, 20, 87, 75, 47, 0.32%, 4, 6, 3, 189.11
1561751568, 0, 21, 93, 80, 50, 0.34%, 5, 6, 3, 2251.67
1561751573, 0, 25, 94, 79, 52, 0.34%, 5, 6, 3, 2506.27
1561751578, 0, 33, 96, 79, 52, 0.35%, 5, 6, 3, 3093.07
1561751583, 0, 36, 98, 78, 51, 0.35%, 5, 6, 3, 3196.63
1561751589, 0, 44, 100, 75, 46, 0.35%, 5, 6, 3, 3190.47
1561751594, 0, 47, 104, 77, 48, 0.37%, 6, 6, 3, 2740.91
1561751599, 0, 51, 111, 82, 53, 0.38%, 6, 7, 4, 3245.35
1561751604, 0, 52, 112, 82, 52, 0.38%, 6, 8, 4, 2241.00
1561751610, 0, 53, 112, 81, 51, 0.38%, 6, 9, 4, 1096.97
1561751615, 0, 54, 112, 80, 50, 0.38%, 6, 9, 4, 2562.78
1561751620, 0, 56, 116, 82, 50, 0.38%, 6, 9, 4, 2843.85
1561751625, 0, 57, 118, 83, 51, 0.39%, 6, 10, 4, 395.00
1561751630, 0, 58, 120, 84, 51, 0.39%, 6, 10, 4, 1830.14
1561751635, 0, 61, 122, 84, 53, 0.40%, 6, 11, 4, 60.23
1561751640, 0, 62, 122, 83, 52, 0.40%, 6, 12, 4, 2755.66
1561751645, 0, 64, 122, 81, 50, 0.40%, 6, 14, 4, 107.09
1561751650, 0, 64, 123, 82, 50, 0.40%, 6, 14, 4, 263.94
1561751655, 0, 66, 123, 80, 49, 0.40%, 6, 14, 4, 2308.09
1561751661, 0, 68, 124, 80, 48, 0.40%, 6, 15, 4, 48.72
1561751671, 0, 70, 125, 79, 46, 0.40%, 6, 15, 4, 2393.33
1561751676, 0, 72, 125, 77, 44, 0.40%, 6, 16, 4, 2154.23
1561751681, 0, 72, 126, 78, 44, 0.40%, 6, 16, 4, 2228.02
1561751687, 0, 73, 127, 78, 44, 0.40%, 6, 17, 4, 287.92
1561751692, 0, 74, 128, 78, 44, 0.40%, 6, 17, 4, 2457.73
1561751697, 0, 75, 129, 78, 43, 0.40%, 6, 18, 4, 48.52
1561751703, 0, 77, 129, 76, 42, 0.40%, 6, 18, 4, 2240.76
1561751708, 0, 78, 129, 75, 41, 0.40%, 6, 18, 4, 2415.35
1561751713, 0, 80, 129, 74, 40, 0.40%, 6, 19, 4, 48.35
1561751718, 0, 81, 129, 73, 39, 0.40%, 6, 19, 4, 1960.79
1561751723, 0, 82, 129, 72, 38, 0.40%, 6, 20, 4, 48.88
1561751728, 0, 83, 129, 71, 37, 0.40%, 6, 20, 4, 1797.40
1561751733, 0, 85, 130, 70, 35, 0.40%, 6, 21, 4, 281.55
1561751739, 0, 85, 131, 71, 35, 0.41%, 6, 21, 4, 48.72
1561751744, 0, 89, 132, 70, 34, 0.41%, 6, 21, 4, 2253.31
1561751749, 0, 91, 133, 69, 32, 0.41%, 6, 21, 4, 2359.63
1561751754, 0, 92, 137, 72, 34, 0.42%, 6, 22, 4, 1995.07
1561751759, 0, 95, 137, 70, 34, 0.42%, 6, 22, 4, 2391.76
1561751764, 0, 97, 137, 68, 32, 0.42%, 6, 22, 4, 2455.06
1561751769, 0, 100, 137, 66, 30, 0.42%, 7, 22, 4, 2429.97
1561751774, 0, 102, 137, 64, 28, 0.42%, 8, 22, 4, 2367.82
1561751779, 0, 103, 137, 63, 27, 0.42%, 9, 22, 4, 2537.75
1561751784, 0, 106, 139, 63, 26, 0.42%, 9, 22, 5, 2570.75
1561751789, 0, 108, 140, 62, 25, 0.43%, 9, 22, 5, 2371.89
1561751794, 0, 109, 141, 62, 25, 0.43%, 9, 22, 5, 2215.46
1561751799, 0, 110, 141, 61, 25, 0.43%, 9, 23, 5, 2033.66
1561751805, 0, 114, 141, 59, 23, 0.43%, 9, 23, 5, 2328.09
1561751810, 0, 115, 142, 59, 23, 0.43%, 9, 23, 5, 2380.53
1561751815, 0, 117, 143, 58, 21, 0.43%, 9, 23, 5, 2305.53
1561751820, 0, 118, 143, 57, 20, 0.43%, 9, 23, 5, 2213.42
1561751825, 0, 120, 143, 55, 18, 0.43%, 9, 23, 5, 2377.68
1561751830, 0, 121, 143, 54, 17, 0.43%, 9, 23, 5, 2510.07
1561751835, 0, 125, 143, 52, 15, 0.43%, 9, 24, 5, 37.82
1561751840, 0, 125, 144, 53, 15, 0.43%, 9, 24, 5, 746.54
1561751846, 0, 126, 144, 52, 15, 0.43%, 9, 25, 5, 310.26
1561751856, 0, 128, 144, 50, 13, 0.43%, 9, 25, 5, 1993.33
1561751861, 0, 128, 147, 53, 13, 0.44%, 9, 25, 5, 2423.60
1561751866, 0, 128, 149, 55, 13, 0.44%, 9, 25, 5, 2654.71
1561751871, 0, 130, 149, 54, 14, 0.44%, 15, 25, 5, 2628.58
1561751876, 0, 132, 149, 53, 13, 0.44%, 15, 26, 5, 2264.84
1561751882, 0, 133, 153, 56, 12, 0.44%, 15, 26, 5, 2137.97
1561751887, 0, 135, 153, 54, 13, 0.44%, 15, 26, 5, 2045.02
1561751892, 0, 136, 157, 57, 12, 0.45%, 16, 26, 5, 2069.36
1561751897, 0, 137, 157, 56, 13, 0.45%, 16, 27, 5, 1930.91
1561751902, 0, 138, 157, 55, 12, 0.45%, 16, 28, 5, 2024.65
1561751907, 0, 140, 157, 53, 10, 0.45%, 16, 28, 5, 2047.04
1561751912, 0, 141, 157, 52, 9, 0.45%, 16, 29, 5, 373.82
1561751922, 0, 143, 157, 51, 8, 0.45%, 16, 30, 5, 103.26
1561751932, 0, 146, 162, 54, 6, 0.45%, 16, 31, 6, 2398.74
1561751943, 0, 151, 162, 52, 5, 0.45%, 16, 31, 6, 2489.18
1561751948, 0, 153, 162, 50, 3, 0.45%, 16, 31, 6, 2324.67
1561751953, 0, 155, 165, 52, 3, 0.45%, 16, 31, 6, 2258.02
1561751958, 0, 159, 166, 52, 3, 0.45%, 16, 31, 7, 2149.34
1561751963, 0, 159, 170, 56, 3, 0.45%, 16, 31, 7, 1943.07
1561751968, 0, 159, 173, 59, 3, 0.45%, 16, 31, 7, 2167.14
1561751973, 0, 159, 175, 61, 3, 0.45%, 16, 31, 7, 2245.43
1561751978, 0, 162, 179, 64, 4, 0.46%, 17, 31, 7, 2257.45
1561751983, 0, 172, 182, 65, 5, 0.46%, 17, 31, 7, 2425.91
1561751988, 0, 172, 182, 65, 5, 0.46%, 18, 32, 7, 2130.29
1561751993, 0, 174, 193, 75, 4, 0.46%, 18, 32, 8, 2105.21
1561751998, 0, 174, 198, 80, 4, 0.46%, 18, 32, 8, 1779.05
1561752003, 0, 174, 200, 82, 4, 0.46%, 19, 32, 8, 2164.96
1561752014, 0, 179, 201, 81, 3, 0.46%, 19, 32, 8, 2450.68
1561752019, 0, 197, 203, 81, 1, 0.46%, 19, 32, 9, 2565.27
1561752024, 0, 201, 203, 80, 1, 0.46%, 19, 32, 9, 2407.13
1561752029, 0, 201, 204, 81, 1, 0.46%, 20, 32, 10, 2452.71
1561752034, 1, 16, 205, 81, 0, 0.46%, 21, 32, 10, 2479.99
1561752039, 1, 60, 205, 80, 0, 0.46%, 21, 32, 10, 2250.59
1561752049, 1, 88, 205, 79, 0, 0.46%, 21, 32, 10, 2781.24
